0 68.1521
100 54.7399
200 53.8377
300 53.2075
400 52.5711
500 51.276
600 49.1547
700 46.4983
800 44.6989
900 43.4688
1000 42.7059
1100 42.1831
1200 41.7912
1300 41.4754
1400 41.1148
1500 30.5415
1600 27.2669
1700 24.5904
1800 21.8386
1900 21.834
2000 22.0868
2100 16.0561
2200 12.9097
2300 10.8666
2400 9.72754
2500 9.05678
2600 8.61387
2700 8.28519
2800 8.0161
2900 7.78021
3000 7.565
3100 7.36471
3200 7.17677
3300 6.99997
3400 6.83359
3500 6.67707
3600 6.52983
3700 6.39129
3800 6.26082
3900 6.13782
4000 6.02171
4100 5.91192
4200 5.80793
4300 5.70927
4400 5.6155
4500 5.52622
4600 5.4411
4700 5.35979
4800 5.28203
4900 5.20755
5000 5.13612
5100 5.06753
5200 5.00159
5300 4.93813
5400 4.87699
5500 4.81803
5600 4.76112
5700 4.70615
5800 4.653
5900 4.60157
6000 4.55177
6100 4.50353
6200 4.45674
6300 4.41136
6400 4.3673
6500 4.3245
6600 4.2829
6700 4.24246
6800 4.20311
6900 4.16481
7000 4.12751
7100 4.09117
7200 4.05576
7300 4.02122
7400 3.98753
7500 3.95466
7600 3.92256
7700 3.89122
7800 3.86059
7900 3.83067
8000 3.80141
8100 3.7728
8200 3.74481
8300 3.71742
8400 3.69061
8500 3.66435
8600 3.63864
8700 3.61345
8800 3.58877
8900 3.56457
9000 3.54085
9100 3.51758
9200 3.49476
9300 3.47237
9400 3.45039
9500 3.42882
9600 3.40763
9700 3.38683
9800 3.3664
9900 3.34633
