10 54.8377
20 54.6575
30 54.4992
40 54.3615
50 54.2421
60 54.1382
70 54.0469
80 53.9654
90 53.8912
100 53.8226
110 53.7581
120 53.6967
130 53.6376
140 53.5798
150 53.5222
160 53.4629
170 53.4001
180 53.333
190 53.2622
200 53.1896
210 53.118
220 53.0496
230 52.9852
240 52.9238
250 52.8624
260 52.7964
270 52.7205
280 52.6313
290 52.5301
300 52.4219
310 52.3108
320 52.1933
330 52.058
340 51.8888
350 51.6667
360 51.3709
370 50.9813
380 50.4827
390 49.8726
400 49.1697
410 48.4163
420 47.664
430 46.9459
440 46.2612
450 45.5942
460 44.9386
470 44.3
480 43.6862
490 43.101
500 42.5442
510 42.0122
520 41.4998
530 41
540 40.5036
550 39.9979
560 39.4648
570 38.8785
580 38.2039
590 37.3975
600 36.4134
610 35.2176
620 33.8065
630 32.2209
640 30.542
650 28.8664
660 27.2759
670 25.819
680 24.511
690 23.3455
700 22.306
710 21.3741
720 20.5335
730 19.7705
740 19.0744
750 18.436
760 17.848
770 17.3043
780 16.7996
790 16.3295
800 15.89
810 15.4779
820 15.0902
830 14.7246
840 14.3788
850 14.0508
860 13.739
870 13.442
880 13.1583
890 12.8869
900 12.6267
910 12.3768
920 12.1363
930 11.9047
940 11.6812
950 11.4653
960 11.2565
970 11.0544
980 10.8587
990 10.669
1000 10.485
1010 10.3067
1020 10.1338
1030 9.96626
1040 9.80394
1050 9.64682
1060 9.49489
1070 9.34814
1080 9.20659
1090 9.07026
1100 8.93916
1110 8.81331
1120 8.6927
1130 8.57732
1140 8.46713
1150 8.36205
1160 8.26202
1170 8.16691
1180 8.0766
1190 7.99095
1200 7.90978
1210 7.83292
1220 7.76018
1230 7.69137
1240 7.62628
1250 7.56472
1260 7.50648
1270 7.45136
1280 7.39917
1290 7.34972
1300 7.30282
1310 7.2583
1320 7.21599
1330 7.17571
1340 7.13733
1350 7.10069
1360 7.06565
1370 7.03209
1380 6.99988
1390 6.9689
1400 6.93905
1410 6.91022
1420 6.88233
1430 6.85529
1440 6.829
1450 6.80341
1460 6.77844
1470 6.75402
1480 6.7301
1490 6.70662
1500 6.68353
1510 6.66079
1520 6.63835
1530 6.61618
1540 6.59425
1550 6.57252
1560 6.55097
1570 6.52957
1580 6.50831
1590 6.48715
1600 6.46609
1610 6.44511
1620 6.4242
1630 6.40334
1640 6.38253
1650 6.36177
1660 6.34104
1670 6.32034
1680 6.29966
1690 6.27901
1700 6.25839
1710 6.23778
1720 6.2172
1730 6.19664
1740 6.17611
1750 6.1556
1760 6.13512
1770 6.11467
1780 6.09425
1790 6.07388
1800 6.05354
1810 6.03325
1820 6.013
1830 5.99281
1840 5.97267
1850 5.95259
1860 5.93258
1870 5.91263
1880 5.89275
1890 5.87295
1900 5.85323
1910 5.83358
1920 5.81402
1930 5.79455
1940 5.77517
1950 5.75589
1960 5.7367
1970 5.71761
1980 5.69863
1990 5.67975
2000 5.66097
2010 5.64231
2020 5.62376
2030 5.60531
2040 5.58699
2050 5.56878
2060 5.55069
2070 5.53271
2080 5.51486
2090 5.49713
2100 5.47952
2110 5.46203
2120 5.44467
2130 5.42743
2140 5.41031
2150 5.39332
2160 5.37645
2170 5.35971
2180 5.3431
2190 5.32661
2200 5.31025
2210 5.29401
2220 5.27789
2230 5.2619
2240 5.24604
2250 5.23029
2260 5.21468
2270 5.19918
2280 5.18381
2290 5.16856
2300 5.15343
2310 5.13842
2320 5.12353
2330 5.10875
2340 5.0941
2350 5.07956
2360 5.06514
2370 5.05084
2380 5.03665
2390 5.02257
2400 5.00861
2410 4.99476
2420 4.98102
2430 4.96739
2440 4.95386
2450 4.94045
2460 4.92714
2470 4.91394
2480 4.90084
2490 4.88785
2500 4.87496
2510 4.86217
2520 4.84948
2530 4.83689
2540 4.8244
2550 4.81201
2560 4.79971
2570 4.78751
2580 4.77541
2590 4.76339
2600 4.75147
2610 4.73965
2620 4.72791
2630 4.71626
2640 4.7047
2650 4.69323
2660 4.68184
2670 4.67054
2680 4.65932
2690 4.64819
2700 4.63714
2710 4.62617
2720 4.61528
2730 4.60447
2740 4.59375
2750 4.58309
2760 4.57252
2770 4.56202
2780 4.5516
2790 4.54125
2800 4.53098
2810 4.52078
2820 4.51065
2830 4.50059
2840 4.49061
2850 4.48069
2860 4.47084
2870 4.46106
2880 4.45134
2890 4.4417
2900 4.43211
2910 4.4226
2920 4.41314
2930 4.40376
2940 4.39443
2950 4.38516
2960 4.37596
2970 4.36682
2980 4.35774
2990 4.34871
3000 4.33975
3010 4.33084
3020 4.32199
3030 4.3132
3040 4.30447
3050 4.29579
3060 4.28716
3070 4.27859
3080 4.27007
3090 4.26161
3100 4.25319
3110 4.24483
3120 4.23653
3130 4.22827
3140 4.22006
3150 4.2119
3160 4.20379
3170 4.19573
3180 4.18772
3190 4.17976
3200 4.17184
3210 4.16397
3220 4.15615
3230 4.14837
3240 4.14064
3250 4.13295
3260 4.12531
3270 4.11771
3280 4.11015
3290 4.10264
3300 4.09517
3310 4.08774
3320 4.08035
3330 4.07301
3340 4.0657
3350 4.05844
3360 4.05121
3370 4.04403
3380 4.03688
3390 4.02978
3400 4.02271
3410 4.01568
3420 4.00869
3430 4.00174
3440 3.99482
3450 3.98794
3460 3.98109
3470 3.97429
3480 3.96751
3490 3.96078
3500 3.95408
3510 3.94741
3520 3.94078
3530 3.93418
3540 3.92761
3550 3.92108
3560 3.91458
3570 3.90812
3580 3.90169
3590 3.89529
3600 3.88892
3610 3.88258
3620 3.87628
3630 3.87
3640 3.86376
3650 3.85755
3660 3.85136
3670 3.84521
3680 3.83909
3690 3.833
3700 3.82693
3710 3.8209
3720 3.81489
3730 3.80891
3740 3.80297
3750 3.79705
3760 3.79115
3770 3.78529
3780 3.77945
3790 3.77364
3800 3.76785
3810 3.7621
3820 3.75637
3830 3.75066
3840 3.74498
3850 3.73933
3860 3.73371
3870 3.7281
3880 3.72253
3890 3.71698
3900 3.71145
3910 3.70595
3920 3.70047
3930 3.69502
3940 3.68959
3950 3.68419
3960 3.67881
3970 3.67345
3980 3.66811
3990 3.6628
4000 3.65752
4010 3.65225
4020 3.64701
4030 3.64179
4040 3.63659
4050 3.63142
4060 3.62626
4070 3.62113
4080 3.61602
4090 3.61093
4100 3.60586
4110 3.60082
4120 3.59579
4130 3.59079
4140 3.58581
4150 3.58084
4160 3.5759
4170 3.57098
4180 3.56608
4190 3.5612
4200 3.55633
4210 3.55149
4220 3.54667
4230 3.54187
4240 3.53708
4250 3.53232
4260 3.52757
4270 3.52284
4280 3.51814
4290 3.51345
4300 3.50878
4310 3.50412
4320 3.49949
4330 3.49487
4340 3.49028
4350 3.4857
4360 3.48113
4370 3.47659
4380 3.47206
4390 3.46755
4400 3.46306
4410 3.45859
4420 3.45413
4430 3.44969
4440 3.44526
4450 3.44086
4460 3.43647
4470 3.43209
4480 3.42774
4490 3.42339
4500 3.41907
4510 3.41476
4520 3.41047
4530 3.40619
4540 3.40193
4550 3.39769
4560 3.39346
4570 3.38924
4580 3.38504
4590 3.38086
4600 3.37669
4610 3.37254
4620 3.3684
4630 3.36428
4640 3.36017
4650 3.35608
4660 3.352
4670 3.34794
4680 3.34389
4690 3.33985
4700 3.33583
4710 3.33183
4720 3.32783
4730 3.32386
4740 3.31989
4750 3.31594
4760 3.31201
4770 3.30808
4780 3.30417
4790 3.30028
4800 3.2964
4810 3.29253
4820 3.28868
4830 3.28483
4840 3.28101
4850 3.27719
4860 3.27339
4870 3.2696
4880 3.26582
4890 3.26206
4900 3.25831
4910 3.25457
4920 3.25085
4930 3.24714
4940 3.24344
4950 3.23975
4960 3.23607
4970 3.23241
4980 3.22876
4990 3.22512
5000 3.22149
5010 3.21788
5020 3.21428
5030 3.21068
5040 3.20711
5050 3.20354
5060 3.19998
5070 3.19644
5080 3.19291
5090 3.18939
5100 3.18588
5110 3.18238
5120 3.17889
5130 3.17542
5140 3.17195
5150 3.1685
5160 3.16506
5170 3.16162
5180 3.1582
5190 3.15479
5200 3.1514
5210 3.14801
5220 3.14463
5230 3.14127
5240 3.13791
5250 3.13456
5260 3.13123
5270 3.12791
5280 3.12459
5290 3.12129
5300 3.11799
5310 3.11471
5320 3.11144
5330 3.10818
5340 3.10492
5350 3.10168
5360 3.09845
5370 3.09523
5380 3.09201
5390 3.08881
5400 3.08562
5410 3.08243
5420 3.07926
5430 3.07609
5440 3.07294
5450 3.06979
5460 3.06666
5470 3.06353
5480 3.06042
5490 3.05731
5500 3.05421
5510 3.05112
5520 3.04804
5530 3.04497
5540 3.04191
5550 3.03886
5560 3.03581
5570 3.03278
5580 3.02975
5590 3.02674
5600 3.02373
5610 3.02073
5620 3.01774
5630 3.01476
5640 3.01178
5650 3.00882
5660 3.00587
5670 3.00292
5680 2.99998
5690 2.99705
5700 2.99413
5710 2.99121
5720 2.98831
5730 2.98541
5740 2.98252
5750 2.97964
5760 2.97677
5770 2.97391
5780 2.97105
5790 2.96821
5800 2.96537
5810 2.96254
5820 2.95971
5830 2.9569
5840 2.95409
5850 2.95129
5860 2.9485
5870 2.94571
5880 2.94294
5890 2.94017
5900 2.93741
5910 2.93465
5920 2.93191
5930 2.92917
5940 2.92644
5950 2.92372
5960 2.921
5970 2.91829
5980 2.91559
5990 2.9129
6000 2.91021
6010 2.90753
6020 2.90486
6030 2.9022
6040 2.89954
6050 2.89689
6060 2.89425
6070 2.89161
6080 2.88898
6090 2.88636
6100 2.88375
6110 2.88114
6120 2.87854
6130 2.87595
6140 2.87336
6150 2.87078
6160 2.86821
6170 2.86564
6180 2.86308
6190 2.86053
6200 2.85798
6210 2.85544
6220 2.85291
6230 2.85039
6240 2.84787
6250 2.84535
6260 2.84285
6270 2.84035
6280 2.83785
6290 2.83537
6300 2.83289
6310 2.83041
6320 2.82795
6330 2.82548
6340 2.82303
6350 2.82058
6360 2.81814
6370 2.8157
6380 2.81327
6390 2.81085
6400 2.80843
6410 2.80602
6420 2.80362
6430 2.80122
6440 2.79882
6450 2.79644
6460 2.79406
6470 2.79168
6480 2.78931
6490 2.78695
6500 2.78459
6510 2.78224
6520 2.7799
6530 2.77756
6540 2.77522
6550 2.7729
6560 2.77057
6570 2.76826
6580 2.76595
6590 2.76364
6600 2.76134
6610 2.75905
6620 2.75676
6630 2.75448
6640 2.7522
6650 2.74993
6660 2.74767
6670 2.74541
6680 2.74315
6690 2.7409
6700 2.73866
6710 2.73642
6720 2.73419
6730 2.73196
6740 2.72974
6750 2.72752
6760 2.72531
6770 2.7231
6780 2.7209
6790 2.71871
6800 2.71652
6810 2.71433
6820 2.71215
6830 2.70998
6840 2.70781
6850 2.70564
6860 2.70349
6870 2.70133
6880 2.69918
6890 2.69704
6900 2.6949
6910 2.69277
6920 2.69064
6930 2.68851
6940 2.68639
6950 2.68428
6960 2.68217
6970 2.68007
6980 2.67797
6990 2.67587
7000 2.67378
7010 2.6717
7020 2.66962
7030 2.66754
7040 2.66547
7050 2.66341
7060 2.66135
7070 2.65929
7080 2.65724
7090 2.65519
7100 2.65315
7110 2.65111
7120 2.64908
7130 2.64705
7140 2.64503
7150 2.64301
7160 2.641
7170 2.63899
7180 2.63698
7190 2.63498
7200 2.63299
7210 2.63099
7220 2.62901
7230 2.62702
7240 2.62504
7250 2.62307
7260 2.6211
7270 2.61914
7280 2.61718
7290 2.61522
7300 2.61327
7310 2.61132
7320 2.60938
7330 2.60744
7340 2.6055
7350 2.60357
7360 2.60164
7370 2.59972
7380 2.5978
7390 2.59589
7400 2.59398
7410 2.59207
7420 2.59017
7430 2.58828
7440 2.58638
7450 2.58449
7460 2.58261
7470 2.58073
7480 2.57885
7490 2.57698
7500 2.57511
7510 2.57325
7520 2.57139
7530 2.56953
7540 2.56768
7550 2.56583
7560 2.56398
7570 2.56214
7580 2.56031
7590 2.55847
7600 2.55664
7610 2.55482
7620 2.553
7630 2.55118
7640 2.54937
7650 2.54756
7660 2.54575
7670 2.54395
7680 2.54215
7690 2.54035
7700 2.53856
7710 2.53678
7720 2.53499
7730 2.53321
7740 2.53144
7750 2.52967
7760 2.5279
7770 2.52613
7780 2.52437
7790 2.52261
7800 2.52086
7810 2.51911
7820 2.51736
7830 2.51562
7840 2.51388
7850 2.51214
7860 2.51041
7870 2.50868
7880 2.50696
7890 2.50524
7900 2.50352
7910 2.5018
7920 2.50009
7930 2.49838
7940 2.49668
7950 2.49498
7960 2.49328
7970 2.49159
7980 2.4899
7990 2.48821
8000 2.48652
8010 2.48484
8020 2.48317
8030 2.48149
8040 2.47982
8050 2.47816
8060 2.47649
8070 2.47483
8080 2.47317
8090 2.47152
8100 2.46987
8110 2.46822
8120 2.46658
8130 2.46494
8140 2.4633
8150 2.46167
8160 2.46004
8170 2.45841
8180 2.45678
8190 2.45516
8200 2.45354
8210 2.45193
8220 2.45032
8230 2.44871
8240 2.4471
8250 2.4455
8260 2.4439
8270 2.4423
8280 2.44071
8290 2.43912
8300 2.43753
8310 2.43595
8320 2.43437
8330 2.43279
8340 2.43122
8350 2.42964
8360 2.42808
8370 2.42651
8380 2.42495
8390 2.42339
8400 2.42183
8410 2.42028
8420 2.41873
8430 2.41718
8440 2.41563
8450 2.41409
8460 2.41255
8470 2.41102
8480 2.40948
8490 2.40795
8500 2.40643
8510 2.4049
8520 2.40338
8530 2.40186
8540 2.40034
8550 2.39883
8560 2.39732
8570 2.39581
8580 2.39431
8590 2.39281
8600 2.39131
8610 2.38981
8620 2.38832
8630 2.38683
8640 2.38534
8650 2.38385
8660 2.38237
8670 2.38089
8680 2.37941
8690 2.37794
8700 2.37647
8710 2.375
8720 2.37353
8730 2.37207
8740 2.37061
8750 2.36915
8760 2.3677
8770 2.36624
8780 2.36479
8790 2.36335
8800 2.3619
8810 2.36046
8820 2.35902
8830 2.35758
8840 2.35615
8850 2.35472
8860 2.35329
8870 2.35186
8880 2.35044
8890 2.34902
8900 2.3476
8910 2.34618
8920 2.34477
8930 2.34335
8940 2.34195
8950 2.34054
8960 2.33914
8970 2.33773
8980 2.33634
8990 2.33494
9000 2.33355
9010 2.33215
9020 2.33077
9030 2.32938
9040 2.328
9050 2.32661
9060 2.32523
9070 2.32386
9080 2.32248
9090 2.32111
9100 2.31974
9110 2.31838
9120 2.31701
9130 2.31565
9140 2.31429
9150 2.31293
9160 2.31158
9170 2.31022
9180 2.30887
9190 2.30753
9200 2.30618
9210 2.30484
9220 2.3035
9230 2.30216
9240 2.30082
9250 2.29949
9260 2.29816
9270 2.29683
9280 2.2955
9290 2.29417
9300 2.29285
9310 2.29153
9320 2.29021
9330 2.2889
9340 2.28758
9350 2.28627
9360 2.28496
9370 2.28366
9380 2.28235
9390 2.28105
9400 2.27975
9410 2.27845
9420 2.27715
9430 2.27586
9440 2.27457
9450 2.27328
9460 2.27199
9470 2.27071
9480 2.26943
9490 2.26814
9500 2.26687
9510 2.26559
9520 2.26432
9530 2.26304
9540 2.26177
9550 2.26051
9560 2.25924
9570 2.25798
9580 2.25672
9590 2.25546
9600 2.2542
9610 2.25294
9620 2.25169
9630 2.25044
9640 2.24919
9650 2.24794
9660 2.2467
9670 2.24546
9680 2.24421
9690 2.24298
9700 2.24174
9710 2.2405
9720 2.23927
9730 2.23804
9740 2.23681
9750 2.23559
9760 2.23436
9770 2.23314
9780 2.23192
9790 2.2307
9800 2.22948
9810 2.22827
9820 2.22706
9830 2.22584
9840 2.22464
9850 2.22343
9860 2.22222
9870 2.22102
9880 2.21982
9890 2.21862
9900 2.21742
9910 2.21623
9920 2.21504
9930 2.21384
9940 2.21265
9950 2.21147
9960 2.21028
9970 2.2091
9980 2.20792
9990 2.20674
10000 2.20556
-end-